Number of Clusters:4
clusters:
[
    [
        3.0,
        10.0,
        4.0,
        0.0,
        4.0,
        1.0,
        6.0,
        1.0,
        4.0,
        4.0,
        2.0,
        0.0,
        8.0,
        8.0,
        10.0
    ],
    [
        6.5,
        4.5,
        8.5,
        5.75,
        6.5,
        6.25,
        7.25,
        3.75,
        3.75,
        5.75,
        5.0,
        5.0,
        5.5,
        3.75,
        5.5
    ],
    [
        5.666666666666667,
        6.0,
        3.0,
        3.6666666666666665,
        2.6666666666666665,
        0.6666666666666666,
        9.666666666666666,
        2.3333333333333335,
        7.0,
        9.0,
        2.6666666666666665,
        5.333333333333333,
        1.3333333333333333,
        1.6666666666666667,
        2.6666666666666665
    ],
    [
        4.5,
        8.25,
        7.0,
        5.25,
        3.25,
        4.25,
        4.25,
        5.5,
        5.5,
        3.75,
        8.75,
        4.25,
        2.75,
        5.75,
        6.5
    ]
]